"PA3" "PA5" "PA2" "PA1" "PA4"
"Q_initial" -0.0102516592174552 0.00093107514747895 0.00895382559029946 0.0123799388098596 0.00253717525912922
"Q_prep" -0.0166504536514179 0.00834357998452435 0.00476209446136402 0.0232401746673397 0.00307486516654287
"R_initial" -0.0415721165342228 -0.0323241484313744 -0.00454437693871724 0.0904310494974093 0.0319000151064928
"R_prep" -0.0624927236465479 0.0222051217257147 -0.0316441455770485 0.103228740734079 0.0173209218445149
"X001_vpast" 0.127520561564931 0.069314041508362 0.208274120083366 0.079351455342818 0.75446424625662
"X002_perfect" 0.221751931853145 0.326539967038657 0.0651518010501169 0.124115331478715 0.207979463995403
"X003_present" 0.479505769185271 0.0904055040402215 0.471190209236744 0.0628091251245483 -0.333155789405124
"X004_place_ads" 0.384379528681532 -0.0421064731251256 0.0928996458514822 0.00604269298085192 0.220423468963527
"X005_time_ads" 0.294886233951962 0.260547513214391 0.157436916997623 -0.0796311864210053 0.245015484088064
"X006_first_pps" -0.154552152298286 -0.0986460538692678 0.698156655275416 0.21819281805471 0.144175553552514
"X007_second_pps" -0.0655078337135753 -0.159336140560025 0.690556564219146 0.0348179999739062 0.0280338762560589
"X008_third_pps" 0.0763579605729432 -0.141269667707104 0.460943730505689 0.331676289593563 0.529662256016731
"X009_pn_it" -0.0156110772433356 0.306733381077303 0.532522419263271 0.234693328439231 0.00496191201961666
"X010_dem_pn" 0.066909208360764 0.262118591105111 0.412326891149282 0.132117615991807 -0.0848791532134991
"X011_indef_pn" 0.0429941526772412 -0.0473849061658251 0.58732284486063 0.177302909327077 0.0978519020098548
"X012_proV_do" -0.0432553469289255 0.076463170519936 0.746393207736725 0.0293787229152465 0.078747180596441
"X013_questions" -0.0641104170234665 0.038016399241505 0.543629669647457 0.0913795329221032 0.0416629673621457
"X014_nominalizations" 0.31322998990971 0.668062626823931 -0.140406049662013 -0.0180859155120226 -0.123538622131524
"X015_gerunds" 0.440392124041966 0.115447954080811 0.0645593894293445 -0.0882773350027913 0.019180156392399
"X016_other_nouns" 0.823098262440012 0.138903976615953 0.0464526797834438 -0.133131642560452 0.193935348099506
"X017_agentless_passives" -0.01252452826599 0.751901066868225 -0.141147460279908 0.104787013840204 0.107431611673007
"X018_by_passives" 0.0933628436243781 0.454041291371363 -0.180840476378831 0.0421972352835028 0.0689374152480813
"X019_mainV_BE" 0.275721290471157 0.226449564463893 0.351503466857741 0.250330206624943 0.0215120808721803
"X020_ex_there" 0.0140791114906444 0.28528472422634 0.261556796224547 0.154898890577716 -0.0403453653071248
"X021_that_verb_compl" -0.0514645855812302 0.647024816962275 0.0591236502577827 -0.0288367596017098 0.084917833048359
"X022_that_adj_compl" -0.0110972469365128 0.28518913260412 0.104660007479798 0.080726190096742 -0.0784224562242592
"X023_WH_clauses" 0.0115788550958624 -0.0199745536487449 0.36565067691231 0.0137657801394594 0.0625053240925888
"X024_vinfinitive" 0.157389764201937 0.496296449501231 0.603721585975095 -0.0834365675027041 -0.0225010648576208
"X025_pres_part_clauses" 0.18765206629153 -0.149134088471629 0.205145584976968 0.168184316350575 0.311344128754331
"X026_past_part_clauses" 0.337403536979899 -0.0595142604603159 -0.145606285461413 0.0764369845144601 0.179620907699994
"X027_past_part_WHIZ_deletion" 0.262663970647061 0.324029785629941 -0.159105521292185 -0.0259446198756339 0.18569762915993
"X028_pres_part_WHIZ_deletion" 0.360733478832132 0.132219254986186 0.0814793417478048 -0.118472399440724 0.169270092157432
"X029_that_RC_sub" 0.436137960807743 -0.0222148788218149 0.144892896178153 -0.0503448388566058 -0.0799659276025536
"X030_that_RC_obj" 0.0957977183278486 0.458858379345655 0.0245727049554863 -0.0679792489182777 0.0264300978995693
"X031_WH_RC_subj" 0.132870885119509 0.231599404315102 0.0408563260973746 0.190626057227464 -0.00359400529669913
"X032_WH_RC_obj" -0.0379233414555213 0.193799022460016 -0.0212291424831093 0.329590375046153 -0.0357680808359313
"X033_pied_piping" -0.0339427523845431 0.151759474464374 -0.0189417477133975 0.0540373325252748 0.00949090466463094
"X035_because" 0.123608355985507 0.0885194760851384 0.307154608314755 -0.0472306252273303 -0.0630805942930755
"X036_al_though" 0.198721527273064 0.00944342083875427 0.132635811341239 0.104620056565419 0.0104852016503414
"X037_if_unless" -0.0801848339428714 0.366579258995021 0.511027692907493 0.0411596458555015 -0.1178487786953
"X038_adv_sub" 0.294724500151303 0.144007543548357 0.0841108706205596 -0.00278767721075077 0.0546583064401857
"X039_preps" 0.507010331098489 0.4156679915943 0.0683406001956018 0.165553744730314 0.130042196888018
"X040_attr_adj" 0.901470039546195 0.0252572363999353 0.015050459188575 0.110713463765304 -0.115930657913134
"X041_pred_adj" 0.099827547529563 0.204572224785786 0.483331444035894 0.182202091276725 -0.0416888693103801
"X042_adverbs" 0.416664861342415 0.0116987322473304 0.50491818227284 0.248920384063009 -0.0298458065650693
"X043_TTR" 0.703170701469019 0.147718517019573 0.242475113691365 0.0623405385042667 0.154846641614179
"X044_meanWL" 0.668909842712794 0.292556620413209 0.165419741447214 0.034507735046557 0.122422305191671
"X045_conjuncts" 0.220912990959896 0.326946219134548 0.0870378680291134 0.120236893710503 -0.225380667636535
"X046_downtoners" 0.31252187350454 0.104353380552313 0.142895947425456 0.176642280939372 -0.0371381885778031
"X047_hedges" 0.0180052833986693 -0.0752051067285719 0.369229464340858 -0.0106297447016661 0.0652620518650376
"X048_amplifiers" -0.00657856997193663 0.16899697762641 0.242078688659866 0.300905539670553 -0.0708421296020092
"X049_emphatics" 0.443177159979143 -0.032187576423937 0.444184056101275 0.114858546717021 -0.156375887916618
"X050_dic_parts" 0.131948984339692 -0.0964696878702394 0.283137315212261 0.0388185598493095 0.0259958828484843
"X051_demonstratives" 0.123949834984796 0.426072669062843 0.217380840652193 0.211331441346104 -0.0792958357132973
"X052_poss_modals" 0.0935011473615537 0.312075024108989 0.509752058934301 0.107797635879754 -0.205646665597734
"X053_necess_modals" -0.154037140821452 0.454047037915303 0.23398968325397 0.202424647283748 -0.184705656968932
"X054_pred_modals" -0.0597093388835372 0.715609053113313 0.213896197545575 -0.128497497714675 -0.0984857413197543
"X055_public_verbs" 0.161998360280323 0.360697451604568 0.30520373837346 -0.309016875743225 0.311013628382405
"X056_private_verbs" 0.0468947739696827 0.127612299212541 0.646586968842522 0.183309533845563 0.183174482721343
"X057_suasive_verbs" -0.0455779939735639 0.442868849138941 0.160183264678812 -0.119445656815249 0.181189144823066
"X058_seem_appear" 0.145392253478099 0.0594373269098988 0.134601469092937 0.17632465005287 0.035824471053678
"X059_contractions" 0.103156706075494 -0.209540119323208 0.678246911263169 -0.111582667648462 0.0898148912196925
"X061_prep_stranding" 0.0265995955339121 -0.0162210256440459 0.0811969331423726 -0.0199561742586522 0.00821114307020711
"X062_split_inf" 0.0607774469136787 0.0357608738499167 0.0963611709217834 -0.0491338655976138 -0.0405013550996914
"X063_split_aux" 0.0769420064328086 0.243725159078167 0.199479140134746 0.112896991116901 -0.196997539353273
"X064_phrasal_coord" 0.583949961587679 -0.0238444078056942 -0.0100907745634662 0.266808166338865 -0.0369558790597907
"X065_clausal_coord" -0.0824786171375712 0.0572823098080247 0.239093326136808 0.683178754158245 0.133607532631315
"X066_synth_neg" 0.000468872339427689 0.277435442994115 0.209630459599953 0.257598247152446 0.0249193680319175
"X067_anal_neg" -0.0768554073907514 0.460098167224863 0.327599642662524 0.257756287047793 -0.0678998264365449
"A01_get_pas" 0.0775366826519448 -0.0643520991169612 0.226759769341716 -0.060490617054769 0.0102586214939442
"A02_gen_s" 0.645005145957171 -0.03083753056913 0.0270706384375572 -0.227005812933221 0.161378958318746
"A03_adj_comp" 0.363968204599941 0.0821995759782774 0.169933961290078 0.0616195554473436 -0.232389099479857
"A04_adj_sup" 0.468735052771321 -0.117317235937295 0.0378715082031039 0.156652795063658 -0.0973288756774466
"A05_used_to" 0.0939544395932826 -0.0916872629269499 0.19260824618622 -0.00325726080077747 0.0232331806309689
"A06_supposed_to" 0.0262370455968625 0.0237155269362231 0.0687662385910396 0.00145434318485492 0.0141748961748264
"A07_able_to" 0.0435784174160482 0.126074073850213 0.112407913179974 -0.0261345121988571 -0.0354749505308954
"A08_about_to" 0.0244056428748543 0.00129352056307117 0.04768445732812 0.0154523551420772 0.0638535777288311
"A09_keep_Ving" 0.0547674037200411 -0.074383657689368 0.181298340255468 -0.0301728294832758 0.055467077789932
"A10_going_to" 0.00732355749771938 0.0172486678636352 0.392608365139621 -0.148105914737965 0.0581212156530058
"A11_have_to" 0.087833491569521 0.0705247707069931 0.375543523125414 -0.127555655270421 0.0138786979730293
"A12_have_got" -0.0201335206945665 0.00776808373953329 0.0712769138419007 0.0362989463611036 0.0270994006714415
"A13_need_to" 0.10283521429351 0.0251021928964679 0.212399632070608 -0.0967486434494856 -0.0961561379960883
"A14_light_verbs" -0.006618863289706 -0.0245543725921287 0.112231670138366 0.0119004347248322 0.0757805717166404
"A15_want_to" 0.0762050909604042 -0.0368906718309233 0.439856486507839 -0.143010268807273 0.0767865947989308
"A16_progressive" 0.311767825913904 0.068231398964852 0.336589517362331 -0.174164795588559 0.103211309274718
"A17_aint" -0.0397057051086018 -0.0684223790880894 0.194688118144553 0.0072148119395403 0.0655810068761611
"A18_because_of" 0.141286536342375 0.145046162965495 0.00439746938975389 -0.135358367601978 -0.0131644781160439
"A19_certainty_adv" 0.0494919941053792 0.151705912505694 0.0490204828189516 0.0897397951566302 -0.0863822405131826
"A20_uncertainty_adv" 0.154046896088804 0.169376893560568 0.165785460683773 0.0369106283063086 -0.151737418352845
"A21_eval_adv" 0.183781709686646 -0.105141657620642 0.114412181208182 0.0922685927318096 -0.0272904388328271
"A22_gotta" 0.00662189688085049 -0.053874706691708 0.12849790318375 -0.0196900557370832 0.0225506461364008
"A23_gonna" -0.00635980642739625 -0.0669863768836405 0.168381597538701 -0.020294781701909 0.0483644783060277
"A24_wanna" -0.000520056715034542 -0.0394365540040889 0.0982518958010435 -0.0122752437403449 0.0117123911685546
"QUOTE.pphs1.vvd" -0.108764440848792 0.0117556226197138 0.359506505536055 -0.0430438260506466 0.426124234319627
"appge.jj.nn1" 0.266222620113231 -0.186318338892357 0.140504880730327 0.3084964796862 0.107550199443158
"appge.nn1.ii" 0.0937128642179652 -0.00325664364770276 0.139140138395932 0.237056593177128 0.286263801348684
"appge.nn1.y" -0.0656022228411377 -0.22040784797976 0.475224309663744 0.466495517324234 0.419160029438021
"appge.nn2.y" 0.0137655924038121 -0.109806509091151 0.299188443918648 0.40320656058186 0.202887247645347
"at.jj.nn1" 0.379640720798411 0.339815840743435 -0.128550441179501 0.187742326842854 0.0132173277581982
"at.jj.nn2" 0.194741867738722 0.27270222682679 -0.115023618103595 0.223344882435757 -0.0421308454894154
"at.jj_nn1.nn1" 0.211984886832884 0.291579656087425 -0.085319735601107 0.0334560493178572 0.00107206947186047
"at.nn1.cc" -0.0320605070419978 0.281972673951657 0.0673493451996436 0.193030970037533 0.212690247512018
"at.nn1.ii" 0.0278908794823712 0.455123965256912 0.00509829800550331 0.0777486139655116 0.265004517756804
"at.nn1.io" 0.0088552984442197 0.547621317478339 -0.148536151998752 0.451102419643822 0.044756326174121
"at.nn1.nn1" 0.203570442523607 0.476160082687294 -0.0361442573361151 -0.285416559709131 0.172869069166099
"at.nn1.vbdz" -0.0649766379434507 0.277803310950749 -0.0635257697629588 0.0558957990155368 0.40954152992428
"at.nn1.y" 0.00310909622348139 0.268532674377555 0.221984025758203 0.248441954837964 0.439610784009574
"at.nn2.io" -0.0721617358980928 0.348497857833841 -0.128190712408357 0.49325892665847 0.0211802006079823
"at.nn2.y" 0.0577400002739696 0.15841404305181 0.0690449413355592 0.182866419823817 0.20233229873842
"at1.jj.nn1" 0.618649570399238 -0.047813619364606 0.130666299404177 0.137803687656626 0.0334092459798185
"at1.nn1.ii" 0.268292676602929 0.152174936603712 0.0712834100005533 -0.00664679238617721 0.213250675602499
"at1.nn1.io" 0.327250228197728 0.132028456715782 0.0273871409102923 0.188487612944712 0.0784142989818575
"at1.nn1.nn1" 0.487992705448481 -0.0509350723416492 0.0762540220941915 -0.234472961492538 0.146909299444786
"at1.nn1.y" 0.163327705488666 -0.145079218686467 0.401868967699332 0.214747899709743 0.228566881262321
"cc.at.nn1" -0.00913983327625878 0.259443658117779 0.0108774434360063 0.276906192926176 0.0936048834292862
"cc.jj.nn1" 0.340153757438683 0.000436346159575052 -0.0793801605300056 0.257057656024053 -0.150884325395174
"ii.appge.nn1" -0.0190521054564795 -0.105865187218107 0.368710459867746 0.363734490449787 0.395466698899096
"ii.appge.nn2" -0.00422297785128286 -0.0568856950873931 0.216981093587773 0.324287181215983 0.197641842418062
"ii.at.jj" 0.38689519653011 0.211033109824486 -0.142921533528026 0.162717897560659 0.058157461418961
"ii.at.nn1" 0.0600225127813027 0.48573330903557 0.0660198348879867 0.192957570756159 0.41541260506071
"ii.at.nn2" 0.0204523630508943 0.299358630696163 -0.0414194676262984 0.280479359126627 0.182886711961918
"ii.at1.jj" 0.477914599945787 -0.0714002625619392 0.00840489112903557 0.0780641871231408 0.0525437667155151
"ii.at1.nn1" 0.35620163046402 0.0884759654939434 0.087836938724851 0.0316477157435157 0.206839512643777
"ii.dd1.nn1" -0.106141771954916 0.384475137981399 0.0813576609621521 0.210576112717119 -0.00675375345779371
"ii.jj.nn2" 0.408872708149225 0.165583162575005 -0.0739395213837346 -0.0294284455649299 -0.16915960773806
"ii.nn1.y" 0.32105405735356 0.0176412875119439 0.172219555938932 0.190987948281754 0.0099022392665496
"ii.np1.y" 0.488370249902318 -0.0845088226397266 -0.0898497656369628 -0.0816777528892559 0.162390532553063
"io.appge.nn1" -0.0262466442520861 -0.0495948760239264 0.131551821787075 0.465171994590667 0.208866710735218
"io.at.jj" 0.182987293842952 0.340770700786094 -0.235710395678288 0.196172393659596 0.00298620180154277
"io.at.nn1" -0.122271992731425 0.668872756805902 -0.189841005629738 0.258575433138386 0.183638003736934
"io.at.nn2" -0.116663607999182 0.421516325590451 -0.0990104821719489 0.248227928967881 0.1057123235809
"io.jj.nn1" 0.367344109015448 0.0604579821784832 -0.106228092871338 0.234784185301306 -0.178903022895072
"io.nn1.y" 0.164428844661831 0.0416644576477973 0.0220634329994318 0.484715982351694 -0.0754646572169755
"jj.cc.jj" 0.212864074998204 -0.0113398247858753 0.0108166395474498 0.399699214521998 -0.141766054463535
"jj.jj.nn1" 0.603677042451776 -0.0576325704928514 -0.0830736496193389 -0.0525811371669626 -0.0580301417223374
"jj.nn1.cc" 0.405376160596579 -0.0203510138336926 -0.0140423155769073 0.135428312037042 -0.059762453226092
"jj.nn1.ii" 0.554762922104757 0.148812624424319 -0.102647999146678 0.0256652365843261 -0.0188683980788888
"jj.nn1.io" 0.382717796001885 0.148912753330583 -0.152913125478396 0.376238342047745 -0.0924824574822966
"jj.nn1.nn1" 0.636829605451629 0.0792905817063864 -0.0770486411634945 -0.344695291920732 -0.0308360391253925
"jj.nn1.y" 0.616411518137249 -0.129479407112514 0.0853727686650135 0.343990071649582 -0.0102880527206396
"jj.nn2.ii" 0.46621375886377 0.164605015332768 -0.108593612048316 -0.0850050639001259 -0.0980104127871682
"jj.nn2.io" 0.247117589749652 0.124111673281628 -0.147333223309082 0.33209846876296 -0.115888304994439
"jj.nn2.y" 0.607545523163161 0.0108949961227798 -0.0201005091680346 0.121389177210889 -0.179445608348933
"jj.to.vvi" 0.0645863305517402 0.280473750104791 0.214780087133701 0.0680378418089527 -0.159068783215171
"nn1.cc.nn1" 0.347032614546219 0.0215448032945868 -0.0327637922382141 0.282006170184959 -0.115372762344405
"nn1.ge.nn1" 0.264862749093746 0.0799341752308105 0.0471967295902399 -0.068001766499622 0.177887965990832
"nn1.ii.appge" 0.0554693460082275 -0.0941333269592245 0.249158110366101 0.283955292716384 0.262984885882238
"nn1.ii.at" 0.254712736394416 0.445391104300372 -0.109478574701307 0.058184939220359 0.242195081458401
"nn1.ii.at1" 0.381217860727016 -0.0243947692965998 0.0195177418894929 -0.00112906469402772 0.107190813459816
"nn1.ii.nn1" 0.344430412791193 0.161135305271627 -0.00858156364165976 -0.0187792041179085 -0.0567121276003874
"nn1.ii.np1" 0.530896076213481 -0.00619176994939166 -0.124545471818626 -0.176298106956173 0.155295448225375
"nn1.io.appge" -0.00993799651112718 -0.0251961626550357 0.102295803005782 0.517495851572366 0.152602850664321
"nn1.io.at" -0.00587632016029729 0.637028447480034 -0.253838938777108 0.265014843993776 0.148974470157679
"nn1.io.at1" 0.235147105703289 0.0966087554292991 -0.0440400648569918 0.196068471961001 0.0493029082282216
"nn1.io.jj" 0.456428924712758 0.0872929067239049 -0.126003075022934 0.155238337838254 -0.189116518712211
"nn1.io.nn1" 0.243999979487463 0.254952029644826 -0.0183407285331953 0.314834669680841 -0.107574014229146
"nn1.io.nn2" 0.184740118942638 0.293622732423505 -0.0679989982124212 0.122079330077506 -0.0529669643009569
"nn1.io.np1" 0.386294456350197 0.010765497101037 -0.209973761182139 0.0523586179390053 0.138358553330614
"nn1.nn1.y" 0.646112825768336 0.0704651471220752 0.0154856182709628 -0.344067751918762 0.100385191297784
"nn1.to.vvi" 0.171928651382939 0.465013600833364 0.0891561298902573 -0.142154777392533 0.0140707278959516
"nn1.vm.vvi" 0.0809029557736669 0.486053591435564 0.0871360929959186 -0.143516348367146 -0.175770787982346
"nn1.y.QUOTE" 0.202829819594286 -0.0109368025962906 0.361532520069857 -0.112326901347146 0.331264549932167
"nn1.y.at" 0.296904871214219 0.280171056988702 -0.110486500805385 0.161603779961504 0.107050354983638
"nn1.y.cc" -0.117301514506973 0.0688002383593461 0.181726135159163 0.680860349417415 0.0928289496154632
"nn1.y.ii" 0.355079541192395 -0.00343848972969535 -0.096300555928425 0.27785916367407 0.11271973572969
"nn2.cc.nn2" 0.332677848885246 0.0226393311063583 -0.0348503177020206 0.151553199787507 -0.0790754213494292
"nn2.ii.at" 0.325198495830254 0.33157823990041 -0.127404281793533 -0.0876432401663537 0.0867132761737637
"nn2.io.at" -0.0701603929184482 0.506868044336087 -0.237338520888875 0.290825017183067 0.0827100440697956
"nn2.io.nn1" 0.177087957103481 0.110816772356676 -0.0696998630014052 0.333831751224726 -0.11111395745642
"nn2.y.cc" 0.037434784724228 0.0573859939750637 0.0936618319956601 0.468240060191329 -0.0427251474931199
"np1.ge.nn1" 0.374006101178958 -0.0510362243638708 0.0146801547746772 -0.0902723984045243 0.199104873226574
"np1.np1.y" 0.420868820663026 -0.0704387947171509 -0.126831772333329 -0.149060963268732 0.133418010890007
"ppis1.vm.vvi" -0.189265752599179 -0.0801210743124726 0.572692640884128 0.115316818732471 0.163564187625253
"to.vvi.appge" 0.131306698578595 0.0918998819880085 0.19755516040328 0.0556583382574056 0.0690924792855299
"to.vvi.at" 0.0980257649927767 0.563625541855368 0.000245817254196975 -0.0988096013363864 0.0468168362265042
"to.vvi.ii" 0.0577301398004511 0.266385695351019 0.191993330497953 0.0201127985907526 0.081055014023782
"vd0.xx.vvi" -0.0569475279718128 0.0105837197300222 0.606777301380944 -0.0342775087654716 -0.0211200336284808
"vm.vbi.vvn" -0.116961009346567 0.709974075356297 -0.0490254058568372 -0.0424060166813248 -0.150752044148145
"vm.xx.vvi" -0.113626479975381 0.205851170565934 0.475645171250357 0.0348576755563807 0.0445083182519076
"vvd.at.nn1" 0.0100932716627686 0.128988508724119 0.073771118396363 -0.00284583849648382 0.527187598306345
"vvd.ii.at" -0.0333268179232729 -0.0259581440662049 0.117949080539973 0.15345356327543 0.504863947774777
"vvd.to.vvi" 0.0399757856447935 -0.0190429049520176 0.187226116097431 0.0631823937288496 0.393088000570901
"vvi.appge.nn1" 0.0170880332351789 0.0693098159675149 0.304311629956852 0.0900531025890518 0.11073889593438
"vvi.at.nn1" -0.00457642335465097 0.596613596874119 0.107774979214095 -0.113260066304608 0.0444029221977884
"vvn.ii.at" -0.01707521274282 0.607646211348233 -0.223916464892409 0.103126138998878 0.163326313157299
"vvn.to.vvi" 0.0350347014811259 0.43479763522645 0.00885992184419139 -0.0325599738714091 0.0334849127583892
"y.QUOTE.pphs1" -0.00244555888886361 -0.060825361949104 0.414516519452714 -0.0759580660785871 0.390348505608863
"y.QUOTE.vvd" 0.00308092888613208 0.0184284779234335 0.175299296805579 -0.0563833004824269 0.222365378494718
"y.at.nn1" 0.227993329652745 0.41517087674373 -0.0748885221481562 0.0587875836950309 0.152139972672906
"y.cc.at" -0.0694153886270621 0.130571995654056 0.0216145938773884 0.476315978486955 0.0599734558377289
"y.ii.at" 0.192847437051467 0.112369689008229 -0.0866470944477447 0.340818298611358 0.0979052492383171
"y.pphs1.vvd" 0.00310071947510933 -0.0391191726501179 0.188007899363365 0.0631912571202122 0.560037398122696
"y.rr.y" 0.166430545295125 0.162428678870254 0.233298592949542 0.103405447787146 -0.11606955010049
