"PA3" "PA5" "PA2" "PA1" "PA4"
"Q_initial" -0.000616645360196453 0.00255634210774138 0.00867544720535763 0.0096458932821905 0.00217762371789051
"Q_prep" 0.00139657149901418 0.0103775721981738 0.00608129308877829 0.0202401159428366 0.00134423267864657
"R_initial" -0.0139912641603866 -0.0132040633407789 -0.00185117005862739 0.054933007719088 0.019983536281165
"R_prep" -0.00697256645722702 0.0278110670537293 -0.0246076790114652 0.0786899483328865 0.00118479818219623
"X001_vpast" 0.421582652492274 0.292962430838561 0.410936880917504 0.209610690564654 0.823162860442043
"X002_perfect" 0.540408643298528 0.551615724258116 0.259778855601259 0.393519503161803 0.292474260049408
"X003_present" 0.643260872070353 0.478768661170099 0.589685576029989 0.415315669107125 -0.145528922786646
"X004_place_ads" 0.43417574959969 0.233215656625858 0.243605060017088 0.183036989750904 0.309897663840905
"X005_time_ads" 0.513861860853869 0.456278585848394 0.330869277288283 0.20969504410265 0.354737429629516
"X006_first_pps" 0.131974220612223 0.0645426963289975 0.695690750118788 0.226187598535956 0.229450100048468
"X007_second_pps" 0.0727148327347845 -0.0399633024373555 0.649233502365489 0.0545185608104419 0.124334692620473
"X008_third_pps" 0.393508208489554 0.201658037208879 0.610630513649786 0.384677361954733 0.614851000042839
"X009_pn_it" 0.446743859536878 0.516456386991773 0.633575473390086 0.468493672734744 0.123918470771849
"X010_dem_pn" 0.399014885845373 0.441502851892755 0.495142873114088 0.361699880373114 0.0251185905134449
"X011_indef_pn" 0.298133721614936 0.190328070375314 0.640642486783808 0.281768353056235 0.207180500213162
"X012_proV_do" 0.26347646899919 0.22264215300519 0.76797217948176 0.180663273917364 0.210149069874182
"X013_questions" 0.178154656154032 0.15618759480438 0.555577715039261 0.177980169287181 0.129332479760183
"X014_nominalizations" 0.643866564180464 0.811028849142471 0.066924200666742 0.417562500607556 -0.0275778927976713
"X015_gerunds" 0.493200084595508 0.357067537756985 0.211552727951569 0.183939222713443 0.128565664631388
"X016_other_nouns" 0.898423938516124 0.604278155356259 0.339570471879588 0.326003095172302 0.378382711836763
"X017_agentless_passives" 0.472501240713599 0.774330277667822 0.046108023901522 0.427335112850891 0.14574021131789
"X018_by_passives" 0.347641976212312 0.50007676425245 -0.0396718667959347 0.266852855822475 0.0950986151256779
"X019_mainV_BE" 0.643818827826981 0.585708794020591 0.532069493328178 0.549831020320597 0.159135334674029
"X020_ex_there" 0.333237211133612 0.41644770425974 0.344845095065361 0.343293151809271 0.0342372975478564
"X021_that_verb_compl" 0.364519924425104 0.621562843339602 0.184732807675491 0.262463483425303 0.142009973790498
"X022_that_adj_compl" 0.217204720316103 0.330836659952382 0.159879881826077 0.228798428873185 -0.0368969811530351
"X023_WH_clauses" 0.131318291658372 0.0734115078116968 0.378829856919311 0.0761793025729771 0.128365116875467
"X024_vinfinitive" 0.602890012492988 0.67372745702764 0.734132140467496 0.33351602887509 0.160224799836548
"X025_pres_part_clauses" 0.300927292716324 0.113453755038025 0.31895697350766 0.223097985155793 0.372304220961743
"X026_past_part_clauses" 0.327694624025552 0.16823888429884 -0.00746672977770225 0.179936688525897 0.215623314097767
"X027_past_part_WHIZ_deletion" 0.435799337874551 0.455820674214303 0.0164314374028068 0.220707129789978 0.238047195365394
"X028_pres_part_WHIZ_deletion" 0.444759323108297 0.327693434036805 0.228585730030504 0.127450646258848 0.267274810642365
"X029_that_RC_sub" 0.427888051739875 0.242307390678119 0.251754799224049 0.169633909569428 0.0308425140093103
"X030_that_RC_obj" 0.356462780824987 0.49254679930775 0.139877934079884 0.197372710098344 0.0901677481140362
"X031_WH_RC_subj" 0.375143874090863 0.410316314620677 0.16299335779439 0.36928141580746 0.0505320276848435
"X032_WH_RC_obj" 0.220760446729337 0.318414418709331 0.0599156463615775 0.39922654596972 -0.0300521725537842
"X033_pied_piping" 0.0798675917449078 0.153498546502406 0.0129367336077784 0.106165582454029 0.0126745621712942
"X035_because" 0.237812581576165 0.198536807754645 0.343520567574944 0.108062683692614 0.0241638649101142
"X036_al_though" 0.296530113824356 0.207695489613408 0.216845176664181 0.226165661408754 0.0746090496750478
"X037_if_unless" 0.296941548510729 0.43067877251288 0.547220978937923 0.268990086824094 -0.0103737931649349
"X038_adv_sub" 0.418062766780435 0.344200299950088 0.213747233819057 0.218248273585154 0.141035587812368
"X039_preps" 0.884835601052963 0.827895838091461 0.362866036871728 0.611010354547756 0.279766173808672
"X040_attr_adj" 0.950239110533916 0.619617223476567 0.298211272860974 0.547272225454347 0.0685857778629629
"X041_pred_adj" 0.450858871702428 0.445829149199007 0.581425775726275 0.41299638604842 0.0825052073613082
"X042_adverbs" 0.690421407453045 0.482876001678335 0.675945016963389 0.541127147910889 0.144406830271188
"X043_TTR" 0.928162388869822 0.668479175732074 0.528827477685939 0.505074884342033 0.35121541438365
"X044_meanWL" 0.938860619115619 0.760817725658933 0.459794178345983 0.515404671626757 0.310911908417152
"X045_conjuncts" 0.458430963802719 0.516098898895478 0.203387356121624 0.393344277616515 -0.137109188920429
"X046_downtoners" 0.495562745008658 0.403771382420655 0.286151906259316 0.397996703084499 0.0598316600658705
"X047_hedges" 0.0943242509878985 0.0115806990355049 0.369225713381629 0.0294376077209956 0.128189737589886
"X048_amplifiers" 0.297960523583803 0.349678226307412 0.316395362092857 0.421336958711083 -0.0140371758778153
"X049_emphatics" 0.58345971319536 0.368567921439091 0.56754169723505 0.387764590885509 0.00843836402623302
"X050_dic_parts" 0.184022655814301 0.0620791920908447 0.315992022591305 0.106570276825113 0.0943895027265924
"X051_demonstratives" 0.533903388709824 0.638357322611054 0.366549824616618 0.509413901467638 0.0216521453794264
"X052_poss_modals" 0.450718877418148 0.505426895197444 0.584962478293419 0.391017541576098 -0.0685704881529441
"X053_necess_modals" 0.252928076443304 0.486861306833512 0.282484215443529 0.386559275997558 -0.133718975949109
"X054_pred_modals" 0.362720379775674 0.653577653555001 0.300055089984759 0.21930707531996 -0.00939041424974829
"X055_public_verbs" 0.39345576326374 0.403289544061344 0.428069603678304 -0.0078982664308389 0.42940562474085
"X056_private_verbs" 0.446803142104008 0.390071850653694 0.753030342419244 0.382769107702585 0.319225295790087
"X057_suasive_verbs" 0.253999568679009 0.407334766992714 0.246835174650557 0.0968503955854372 0.239569413588437
"X058_seem_appear" 0.312885253593194 0.26157583565951 0.230039404278153 0.296808079030756 0.0940744117294239
"X059_contractions" 0.150763084674176 -0.0533959615488658 0.663297924327896 -0.038797855651324 0.213089354792292
"X061_prep_stranding" 0.0341060570946894 0.00782620114757663 0.083962688360807 -0.000399419963463017 0.0265849871143235
"X062_split_inf" 0.0812862244811658 0.0657062814691246 0.106264758904648 0.013640908841077 -0.00805231533503632
"X063_split_aux" 0.300718378806669 0.367045898307195 0.258141672319803 0.299851994098168 -0.124632425276935
"X064_phrasal_coord" 0.68382343709158 0.45233541068665 0.207390282298772 0.527073905485428 0.0755281242511583
"X065_clausal_coord" 0.37272240422952 0.389035722444082 0.373151870636207 0.714975014837152 0.165013798915745
"X066_synth_neg" 0.359867165055263 0.443826932326717 0.317418216502223 0.426508749722931 0.0868441034453931
"X067_anal_neg" 0.411900045826874 0.595287936678524 0.432087535953641 0.497881276500757 0.0157216345668899
"A01_get_pas" 0.0821381898518339 0.0014335454679451 0.228486938951453 -0.0133242820143953 0.0605463728609975
"A02_gen_s" 0.560475548738048 0.275010069591792 0.207764287176021 0.0653242744007216 0.291970985372985
"A03_adj_comp" 0.449128266280083 0.347173114842509 0.268830592119136 0.301501765263479 -0.122303843206905
"A04_adj_sup" 0.462883024817997 0.241241940635344 0.169949667220579 0.327678055583901 -0.00745429173761875
"A05_used_to" 0.100716720704646 0.00524399873756055 0.206559339103399 0.0325248682999754 0.0683022550035225
"A06_supposed_to" 0.0654481295120797 0.0556180313298367 0.0844942971861505 0.0373888786985685 0.03376513769176
"A07_able_to" 0.135849643477773 0.16007204045525 0.140436133864258 0.0740266835935885 0.00434413443161374
"A08_about_to" 0.0598862221252687 0.0387436957323862 0.0697004635660243 0.0361528768270905 0.0773480395463292
"A09_keep_Ving" 0.0624019790829488 -0.0134762263818824 0.187526490782035 -0.00663424186750772 0.0922237388196528
"A10_going_to" 0.0814375909339425 0.0369245104525364 0.38186955627946 -0.0652644131055935 0.13118914908479
"A11_have_to" 0.189943880500819 0.141584614450132 0.396353200131006 0.014949075239908 0.104617775802784
"A12_have_got" 0.0290199910639072 0.0294638416646557 0.0780642117199036 0.0434780379520068 0.0365057585187145
"A13_need_to" 0.119339159958584 0.0769723911593123 0.214550007602501 0.00175310111825763 -0.0355472335627782
"A14_light_verbs" 0.0337741928080915 0.00649123822433209 0.120887113621692 0.017630464741777 0.0923528695565719
"A15_want_to" 0.138034370925748 0.0384072477878446 0.443656109603972 -0.0448364280092075 0.167264620489087
"A16_progressive" 0.396421423895752 0.253728238953262 0.43363876720983 0.0650191227812207 0.231397574262675
"A17_aint" -0.00478482252511415 -0.0438717644054862 0.181523246736508 -0.00822732782250513 0.0864369713889407
"A18_because_of" 0.165055309599601 0.167152330890296 0.0506374124954 -0.000137168696882824 0.0284778423436233
"A19_certainty_adv" 0.181886698976806 0.226505774051272 0.0960358062161011 0.193220399772462 -0.0544376041386758
"A20_uncertainty_adv" 0.295551884048242 0.301027904754254 0.227446485701792 0.218840273132795 -0.0765665615448645
"A21_eval_adv" 0.192823530139456 0.0711689760759002 0.161711570157453 0.149556005933587 0.0205430831790846
"A22_gotta" 0.00878375587078063 -0.0309981881314711 0.120040593467383 -0.0186225484940024 0.0420873822410205
"A23_gonna" 0.00499890458716317 -0.0419286314638445 0.157745832532359 -0.0242315560165694 0.0712871240000399
"A24_wanna" 0.00240322061950258 -0.0245235531560583 0.0899340064334879 -0.0132459864538575 0.025692886007167
"QUOTE.pphs1.vvd" 0.0742624383706941 0.0357236513413603 0.396569424357088 -0.0230775571362324 0.469687446400853
"appge.jj.nn1" 0.361934525830434 0.15918003188034 0.260117324579398 0.370910380277218 0.169377412130521
"appge.nn1.ii" 0.302723887631062 0.218888097570082 0.261609153678228 0.304695886871798 0.329535518648915
"appge.nn1.y" 0.248826302079711 0.092693464027902 0.569682296916812 0.418363309509071 0.471692847807726
"appge.nn2.y" 0.268473684147957 0.167079136484419 0.390554034051816 0.412303022392611 0.249490131460795
"at.jj.nn1" 0.637498671124801 0.634577372874811 0.0943454288700523 0.502100370609159 0.0957480685291646
"at.jj.nn2" 0.421520231835258 0.469444065376531 0.0336536366995929 0.42200477675718 9.45630530695823e-05
"at.jj_nn1.nn1" 0.379173319520655 0.419256003751036 0.0457652943200242 0.254475049529305 0.0536643434600504
"at.nn1.cc" 0.29331251925646 0.385685838185944 0.187817870245218 0.323048657505838 0.243111374014737
"at.nn1.ii" 0.396001763552012 0.533023780174177 0.167722671489568 0.306059211123333 0.311430920927969
"at.nn1.io" 0.516725375767192 0.739132446861968 0.0554673903916077 0.686124492701306 0.0681299330123141
"at.nn1.nn1" 0.383410314931015 0.473652456911811 0.102665189042807 0.027526402505599 0.24871766093262
"at.nn1.vbdz" 0.192432838672072 0.287551688717169 0.0561794327148064 0.144812636119112 0.409643313566667
"at.nn1.y" 0.439230834136705 0.471132469838888 0.401177362021266 0.416705591659883 0.50348495090452
"at.nn2.io" 0.335688221817209 0.512555057184183 0.0137196301671971 0.600295365030907 0.0145762811468841
"at.nn2.y" 0.301520408369681 0.311500636054858 0.188445598811096 0.297047811137225 0.240100061008576
"at1.jj.nn1" 0.701056869916093 0.423573971164392 0.343142320348224 0.428593266644671 0.17582060069534
"at1.nn1.ii" 0.422432315864208 0.345754580480065 0.22203459965888 0.203558942944965 0.292787425646038
"at1.nn1.io" 0.520019620025622 0.432650137607696 0.203611612719392 0.408812652953067 0.160119858636326
"at1.nn1.nn1" 0.400039678547858 0.1644473171637 0.200390811649497 -0.0161710066951509 0.253239577087743
"at1.nn1.y" 0.345181405141421 0.157351484095594 0.502657250646943 0.29588962429881 0.320178469130369
"cc.at.nn1" 0.300584845604354 0.394678736710419 0.127808947278392 0.396772806232683 0.116542609309306
"cc.jj.nn1" 0.406146467218512 0.299367219424108 0.0455684200785698 0.402042948699394 -0.0972154914177226
"ii.appge.nn1" 0.27943633120882 0.163478598762958 0.477961662629805 0.371978921645593 0.448287577987985
"ii.appge.nn2" 0.219340829136675 0.15470105984178 0.298283637806278 0.334953987469866 0.230611381971453
"ii.at.jj" 0.559072282682929 0.499454915527842 0.0595086549405962 0.41723419787547 0.128259379719022
"ii.at.nn1" 0.549507020752486 0.663049279103211 0.292580568101321 0.46180504495989 0.481825764353131
"ii.at.nn2" 0.357796359125392 0.451510046527856 0.109370145589921 0.423509626802349 0.205883809378009
"ii.at1.jj" 0.484009372240899 0.262912593290646 0.165156425530991 0.269679249477114 0.143002169428407
"ii.at1.nn1" 0.49328745793701 0.356460584325131 0.258612525034788 0.256014000856152 0.30126133646019
"ii.dd1.nn1" 0.250518952835019 0.434892681569215 0.163768545469978 0.356688490209312 0.0204100893058936
"ii.jj.nn2" 0.439448937593272 0.371005748191588 0.0505556514452433 0.226463861725709 -0.0863791323520864
"ii.nn1.y" 0.47640317545875 0.339105503629204 0.311483907467984 0.380840628186936 0.106200427883915
"ii.np1.y" 0.403221462820629 0.170623052924016 0.0580826238202219 0.0908374792253488 0.236207964119726
"io.appge.nn1" 0.243535975184204 0.198515671864911 0.235114145156339 0.453453929480607 0.222853613173397
"io.at.jj" 0.410213570750552 0.496971597240598 -0.0736989180455221 0.39947422004347 0.0272857063097565
"io.at.nn1" 0.384272989635165 0.693617680121153 -0.0118594529537136 0.481832519831809 0.18412281375834
"io.at.nn2" 0.246850837951162 0.456439544742805 0.0146036096228533 0.374125377546733 0.101823973557512
"io.jj.nn1" 0.445607650123153 0.357551969835252 0.0302830506647165 0.415877682549185 -0.119347542467585
"io.nn1.y" 0.408485690684831 0.367949850538173 0.155887238336404 0.585291387032096 -0.0350319057100936
"jj.cc.jj" 0.368141718281884 0.296326107058565 0.121554299828975 0.495937007480173 -0.0983583316708872
"jj.jj.nn1" 0.506707090234547 0.263497184324495 0.0718802023213064 0.187755355158111 0.0423329065549776
"jj.nn1.cc" 0.440118323029996 0.282344216590872 0.121028488262975 0.313032416692662 0.0167254116182109
"jj.nn1.ii" 0.621975422165333 0.476432087625625 0.100372979357324 0.336760064225781 0.0863863911138721
"jj.nn1.io" 0.583883024511225 0.520067646045149 0.0474560277520517 0.597712842237649 -0.0304156103021896
"jj.nn1.nn1" 0.493848802428585 0.286698128846946 0.067817881397775 -0.023274716120767 0.0891792260892956
"jj.nn1.y" 0.722857602910793 0.424577129446953 0.310180224781674 0.587050484983819 0.116453080848772
"jj.nn2.ii" 0.47364372011619 0.378000589082997 0.0360420625131533 0.190985876276158 -0.010090075732454
"jj.nn2.io" 0.409570307018402 0.390931009564233 -0.00611373724649507 0.479434524100857 -0.0820235101952951
"jj.nn2.y" 0.629041208554228 0.418443304537853 0.159887592116222 0.407215713644104 -0.0610225678368559
"jj.to.vvi" 0.30204516592835 0.381584680116539 0.275726480269408 0.269296108496659 -0.0832141779692549
"nn1.cc.nn1" 0.459049294314154 0.349011473299774 0.109475714147977 0.448619291000783 -0.0501512681315433
"nn1.ge.nn1" 0.331771223864086 0.234533303922179 0.164740738922017 0.102206242608494 0.246089125587891
"nn1.ii.appge" 0.260419779250162 0.147118830907892 0.345682674935002 0.31087750589364 0.310317533023861
"nn1.ii.at" 0.567777549309309 0.626999143553789 0.113647124862072 0.367275363255858 0.31248927168575
"nn1.ii.at1" 0.393210939432617 0.220761665546795 0.151322868761526 0.169383149994927 0.184482802709353
"nn1.ii.nn1" 0.419883875506137 0.355462967464022 0.117107388913756 0.216739771898972 0.0245139521645481
"nn1.ii.np1" 0.437046506070488 0.222625641977314 0.0340115270644487 0.0466960059052824 0.238247411803543
"nn1.io.appge" 0.278952706786316 0.246600387120122 0.215312315015715 0.519578374561518 0.166763642283978
"nn1.io.at" 0.457590799872542 0.719677894517987 -0.0513794645522923 0.516134918791228 0.158424204621362
"nn1.io.at1" 0.382003973046802 0.327591712405099 0.0926909338215159 0.343632690852317 0.0967950663088442
"nn1.io.jj" 0.505665390961431 0.396303329237393 0.0272332984394827 0.387072686073052 -0.113002337385721
"nn1.io.nn1" 0.519630408011941 0.538706126291735 0.14687462896303 0.545737076441878 -0.0398113672649072
"nn1.io.nn2" 0.389243314341617 0.445202655981882 0.0615201667465157 0.334443959381447 -0.00251560959562101
"nn1.io.np1" 0.380027711036698 0.240263289911034 -0.0541711799380632 0.200139560322412 0.178770083798931
"nn1.nn1.y" 0.552790589301849 0.314161466966061 0.18497620324884 -0.00563559154726702 0.238001685923519
"nn1.to.vvi" 0.41912443540168 0.522220650784628 0.213568953404155 0.173453979080303 0.105038263773469
"nn1.vm.vvi" 0.301837754599411 0.470075899975459 0.153541184780859 0.138995166911749 -0.101451979478809
"nn1.y.QUOTE" 0.321326638425008 0.162378922618201 0.46076762479475 0.0431562116117889 0.435263687313422
"nn1.y.at" 0.530458129601777 0.524116806910734 0.0867197732996855 0.412447419412152 0.171085052549698
"nn1.y.cc" 0.317978056238693 0.362995361992342 0.299660114005008 0.691357784220478 0.10806266292311
"nn1.y.ii" 0.47573388940147 0.33407790698413 0.083328884082382 0.424976294088081 0.16600342328081
"nn2.cc.nn2" 0.390886545113378 0.282698214058908 0.0859721860059057 0.311589551061195 -0.0170111040703368
"nn2.ii.at" 0.464132695779674 0.470186324571037 0.0401156177921718 0.197573208156435 0.157835628899985
"nn2.io.at" 0.317967821486912 0.560035273179504 -0.0883672468524848 0.453556908279545 0.0708795337327511
"nn2.io.nn1" 0.3571963854472 0.351984190168376 0.0483383603504059 0.456225305913621 -0.0785022801841032
"nn2.y.cc" 0.312012478924502 0.315959614599409 0.194287179866973 0.529780178078246 -0.0134280703379961
"np1.ge.nn1" 0.344854888551599 0.154837359757552 0.13906863160715 0.0634568215958998 0.271743562159761
"np1.np1.y" 0.29555153442887 0.101768079637228 -0.0143100720933399 -0.00823576986356773 0.188406918570363
"ppis1.vm.vvi" 0.0254802823563151 -0.0103378159887185 0.548049138145119 0.0930088366488193 0.221125077288027
"to.vvi.appge" 0.288187149127726 0.244363897671941 0.279274484610741 0.196268530177094 0.13860962816051
"to.vvi.at" 0.40464661164212 0.580997751829514 0.135589571472467 0.212499563073287 0.115844329254512
"to.vvi.ii" 0.304966818386182 0.357195699798004 0.282139439408864 0.207429791757626 0.150229895222493
"vd0.xx.vvi" 0.116793742319551 0.0812881015629301 0.581332804975386 0.0542148867440257 0.0768266165897566
"vm.vbi.vvn" 0.250654943868932 0.595530951734537 0.0245884818237532 0.228202443284397 -0.120500400729615
"vm.xx.vvi" 0.184013275405998 0.253659085960846 0.496667214410392 0.164960535607252 0.124893376744048
"vvd.at.nn1" 0.215194946562165 0.195074269796076 0.19676046079852 0.076088803329834 0.553694768610007
"vvd.ii.at" 0.159718426752893 0.0942839869483837 0.220397763477847 0.1471278709693 0.517035856994607
"vvd.to.vvi" 0.19412557970518 0.107644516657336 0.277384930054816 0.106983818182173 0.432828731935761
"vvi.appge.nn1" 0.217594923117571 0.193730775024169 0.359816660601163 0.185954223971653 0.174590083163258
"vvi.at.nn1" 0.348137522632624 0.566313627080037 0.215060305764517 0.185078701910118 0.11508712300418
"vvn.ii.at" 0.364818834417385 0.614593505498252 -0.0577235866111494 0.340605269669474 0.173284292767378
"vvn.to.vvi" 0.294165101685952 0.445557966809352 0.108181979352702 0.190170189118832 0.0802046899278285
"y.QUOTE.pphs1" 0.130820168187585 0.0204825086280858 0.457314397936198 -0.0304184498284997 0.45854174487568
"y.QUOTE.vvd" 0.0864017821693006 0.0489268078437485 0.20947598441784 -0.0144011988693316 0.255895563949373
"y.at.nn1" 0.515674369718691 0.579910422768268 0.117858681830638 0.347408610980459 0.220636320007354
"y.cc.at" 0.251732747355213 0.322196352578188 0.123906306739495 0.509236271715226 0.061541011777509
"y.ii.at" 0.413575853009665 0.381329668554876 0.0751765529717602 0.468275917506973 0.13076727957153
"y.pphs1.vvd" 0.17852225006153 0.0799135263441665 0.292504628366806 0.0804484707846332 0.590809251514033
"y.rr.y" 0.362798638298271 0.34979495649176 0.31581725760224 0.300123625601363 -0.0269732122309921
